name: Test060720_02
rright: 0.04
rleft: 0.13
rsum: 2.5011699999999997
tright: -20.0
tleft: 24.0
mode: 1
u: 0.37436778640071583
rt: 2.6711699999999996
layers:
	layer: 0.02, 0, 0.37, 0.05405, 21.858616261787905, 20.968294792169722, -0.8903214696181824, 0
	layer: 0.24, 0, 0.58, 0.41379, 20.968294792169722, 14.152270353440626, -6.816024438729096, 0
	layer: 0.06, 0, 0.03, 2.0, 14.152270353440626, -18.792094849822362, -32.94436520326299, 0
	layer: 0.02, 0, 0.6, 0.03333, -18.792094849822362, -19.34111269593474, -0.5490178461123777, 0
