name: Test140720_01
rright: 0.0
rleft: 0.0
rsum: 1.1999823905723908
tright: -5.0
tleft: 20.0
mode: 1
u: 0.8333455622819604
rt: 1.1999823905723908
layers:
	layer: 0.015, 2, 0.51, 0.02941, 20.0, 19.387282675332187, -0.6127173246678115, 0
	layer: 0.2072, 1, 0.24, 0.8633333333333334, 19.387282675332187, 1.4009076227465371, -17.98637505258565, 0
	layer: 0.17500000000000002, 1, 1.1, 0.1590909090909091, 1.4009076227465371, -1.91353495451126, -3.3144425772577972, 0
	layer: 0.12, 1, 0.81, 0.14814814814814814, -1.91353495451126, -5.000000000000003, -3.0864650454887426, 0
